%YAML:1.0
---
model_type: PINHOLE
camera_name: camera
image_width: 640
image_height: 480
distortion_parameters:
   k1: -0.037743
   k2: 0.032750
   p1: -0.001504
   p2: -0.000803
projection_parameters:
   fx: 646.99483
   fy: 649.43604
   cx: 642.37496
   cy: 361.13713
